Project59 ZF20-4A 030615
2.00
11
1
Type of measurement (0=app.resistivity,1=resistance)
1
345
2
0
4 0.00 0.00 12.00 0.00 4.00 0.00 8.00 0.00 36.1133
4 4.00 0.00 16.00 0.00 8.00 0.00 12.00 0.00 74.0034
4 0.00 0.00 24.00 0.00 8.00 0.00 16.00 0.00 44.1974
4 8.00 0.00 20.00 0.00 12.00 0.00 16.00 0.00 49.2268
4 4.00 0.00 28.00 0.00 12.00 0.00 20.00 0.00 33.3716
4 0.00 0.00 36.00 0.00 12.00 0.00 24.00 0.00 30.7894
4 12.00 0.00 24.00 0.00 16.00 0.00 20.00 0.00 40.5875
4 8.00 0.00 32.00 0.00 16.00 0.00 24.00 0.00 43.8442
4 16.00 0.00 28.00 0.00 20.00 0.00 24.00 0.00 73.5224
4 4.00 0.00 40.00 0.00 16.00 0.00 28.00 0.00 30.0827
4 12.00 0.00 36.00 0.00 20.00 0.00 28.00 0.00 65.8646
4 0.00 0.00 48.00 0.00 16.00 0.00 32.00 0.00 18.1712
4 20.00 0.00 32.00 0.00 24.00 0.00 28.00 0.00 84.7208
4 8.00 0.00 44.00 0.00 20.00 0.00 32.00 0.00 27.8484
4 16.00 0.00 40.00 0.00 24.00 0.00 32.00 0.00 52.0927
4 4.00 0.00 52.00 0.00 20.00 0.00 36.00 0.00 20.9748
4 24.00 0.00 36.00 0.00 28.00 0.00 32.00 0.00 82.5351
4 12.00 0.00 48.00 0.00 24.00 0.00 36.00 0.00 40.4574
4 0.00 0.00 60.00 0.00 20.00 0.00 40.00 0.00 13.7069
4 8.00 0.00 56.00 0.00 24.00 0.00 40.00 0.00 23.5085
4 20.00 0.00 44.00 0.00 28.00 0.00 36.00 0.00 49.0234
4 28.00 0.00 40.00 0.00 32.00 0.00 36.00 0.00 104.796
4 16.00 0.00 52.00 0.00 28.00 0.00 40.00 0.00 42.1526
4 4.00 0.00 64.00 0.00 24.00 0.00 44.00 0.00 13.4337
4 0.00 0.00 72.00 0.00 24.00 0.00 48.00 0.00 6.29236
4 24.00 0.00 48.00 0.00 32.00 0.00 40.00 0.00 80.6692
4 12.00 0.00 60.00 0.00 28.00 0.00 44.00 0.00 26.8595
4 20.00 0.00 56.00 0.00 32.00 0.00 44.00 0.00 43.5161
4 8.00 0.00 68.00 0.00 28.00 0.00 48.00 0.00 10.55
4 32.00 0.00 44.00 0.00 36.00 0.00 40.00 0.00 116.91
4 4.00 0.00 76.00 0.00 28.00 0.00 52.00 0.00 6.93938
4 28.00 0.00 52.00 0.00 36.00 0.00 44.00 0.00 80.8978
4 16.00 0.00 64.00 0.00 32.00 0.00 48.00 0.00 24.8317
4 12.00 0.00 72.00 0.00 32.00 0.00 52.00 0.00 14.8574
4 0.00 0.00 84.00 0.00 28.00 0.00 56.00 0.00 3.97708
4 24.00 0.00 60.00 0.00 36.00 0.00 48.00 0.00 43.3545
4 36.00 0.00 48.00 0.00 40.00 0.00 44.00 0.00 108.857
4 40.00 0.00 46.00 0.00 42.00 0.00 44.00 0.00 131.024
4 20.00 0.00 68.00 0.00 36.00 0.00 52.00 0.00 21.6465
4 8.00 0.00 80.00 0.00 32.00 0.00 56.00 0.00 6.87853
4 32.00 0.00 56.00 0.00 40.00 0.00 48.00 0.00 55.5634
4 42.00 0.00 48.00 0.00 44.00 0.00 46.00 0.00 80.5978
4 4.00 0.00 88.00 0.00 32.00 0.00 60.00 0.00 5.11576
4 28.00 0.00 64.00 0.00 40.00 0.00 52.00 0.00 37.2324
4 40.00 0.00 52.00 0.00 44.00 0.00 48.00 0.00 70.8239
4 16.00 0.00 76.00 0.00 36.00 0.00 56.00 0.00 14.5816
4 44.00 0.00 50.00 0.00 46.00 0.00 48.00 0.00 105.891
4 42.00 0.00 54.00 0.00 46.00 0.00 50.00 0.00 80.2082
4 36.00 0.00 60.00 0.00 44.00 0.00 52.00 0.00 54.95
4 12.00 0.00 84.00 0.00 36.00 0.00 60.00 0.00 9.64222
4 24.00 0.00 72.00 0.00 40.00 0.00 56.00 0.00 20.0416
4 0.00 0.00 96.00 0.00 32.00 0.00 64.00 0.00 2.96825
4 46.00 0.00 52.00 0.00 48.00 0.00 50.00 0.00 89.1027
4 40.00 0.00 58.00 0.00 46.00 0.00 52.00 0.00 81.8166
4 44.00 0.00 56.00 0.00 48.00 0.00 52.00 0.00 106.082
4 32.00 0.00 68.00 0.00 44.00 0.00 56.00 0.00 27.6205
4 8.00 0.00 92.00 0.00 36.00 0.00 64.00 0.00 5.50458
4 20.00 0.00 80.00 0.00 40.00 0.00 60.00 0.00 11.3804
4 48.00 0.00 54.00 0.00 50.00 0.00 52.00 0.00 137.555
4 42.00 0.00 60.00 0.00 48.00 0.00 54.00 0.00 85.7353
4 4.00 0.00 100.00 0.00 36.00 0.00 68.00 0.00 3.33197
4 28.00 0.00 76.00 0.00 44.00 0.00 60.00 0.00 18.9078
4 16.00 0.00 88.00 0.00 40.00 0.00 64.00 0.00 8.93168
4 46.00 0.00 58.00 0.00 50.00 0.00 54.00 0.00 108.89
4 40.00 0.00 64.00 0.00 48.00 0.00 56.00 0.00 63.3531
4 50.00 0.00 56.00 0.00 52.00 0.00 54.00 0.00 100.592
4 44.00 0.00 62.00 0.00 50.00 0.00 56.00 0.00 85.418
4 12.00 0.00 96.00 0.00 40.00 0.00 68.00 0.00 5.51167
4 36.00 0.00 72.00 0.00 48.00 0.00 60.00 0.00 35.2831
4 24.00 0.00 84.00 0.00 44.00 0.00 64.00 0.00 12.2124
4 48.00 0.00 60.00 0.00 52.00 0.00 56.00 0.00 77.3794
4 0.00 0.00 108.00 0.00 36.00 0.00 72.00 0.00 1.92842
4 52.00 0.00 58.00 0.00 54.00 0.00 56.00 0.00 100.994
4 46.00 0.00 64.00 0.00 52.00 0.00 58.00 0.00 63.5614
4 50.00 0.00 62.00 0.00 54.00 0.00 58.00 0.00 75.1319
4 44.00 0.00 68.00 0.00 52.00 0.00 60.00 0.00 50.0732
4 20.00 0.00 92.00 0.00 44.00 0.00 68.00 0.00 7.80623
4 8.00 0.00 104.00 0.00 40.00 0.00 72.00 0.00 2.72288
4 32.00 0.00 80.00 0.00 48.00 0.00 64.00 0.00 20.4198
4 54.00 0.00 60.00 0.00 56.00 0.00 58.00 0.00 106.455
4 48.00 0.00 66.00 0.00 54.00 0.00 60.00 0.00 58.032
4 40.00 0.00 76.00 0.00 52.00 0.00 64.00 0.00 33.4346
4 4.00 0.00 112.00 0.00 40.00 0.00 76.00 0.00 1.96675
4 52.00 0.00 64.00 0.00 56.00 0.00 60.00 0.00 83.5587
4 28.00 0.00 88.00 0.00 48.00 0.00 68.00 0.00 14.0079
4 16.00 0.00 100.00 0.00 44.00 0.00 72.00 0.00 5.04773
4 56.00 0.00 62.00 0.00 58.00 0.00 60.00 0.00 115.277
4 50.00 0.00 68.00 0.00 56.00 0.00 62.00 0.00 58.5235
4 24.00 0.00 96.00 0.00 48.00 0.00 72.00 0.00 8.21062
4 48.00 0.00 72.00 0.00 56.00 0.00 64.00 0.00 48.9031
4 12.00 0.00 108.00 0.00 44.00 0.00 76.00 0.00 3.26565
4 0.00 0.00 120.00 0.00 40.00 0.00 80.00 0.00 1.2559
4 36.00 0.00 84.00 0.00 52.00 0.00 68.00 0.00 19.1849
4 54.00 0.00 66.00 0.00 58.00 0.00 62.00 0.00 78.9276
4 52.00 0.00 70.00 0.00 58.00 0.00 64.00 0.00 60.7541
4 58.00 0.00 64.00 0.00 60.00 0.00 62.00 0.00 106.205
4 32.00 0.00 92.00 0.00 52.00 0.00 72.00 0.00 11.9234
4 20.00 0.00 104.00 0.00 48.00 0.00 76.00 0.00 4.94074
4 44.00 0.00 80.00 0.00 56.00 0.00 68.00 0.00 31.441
4 56.00 0.00 68.00 0.00 60.00 0.00 64.00 0.00 71.8665
4 8.00 0.00 116.00 0.00 44.00 0.00 80.00 0.00 1.75478
4 54.00 0.00 72.00 0.00 60.00 0.00 66.00 0.00 57.9884
4 60.00 0.00 66.00 0.00 62.00 0.00 64.00 0.00 99.4773
4 58.00 0.00 70.00 0.00 62.00 0.00 66.00 0.00 70.0812
4 4.00 0.00 124.00 0.00 44.00 0.00 84.00 0.00 1.35995
4 40.00 0.00 88.00 0.00 56.00 0.00 72.00 0.00 20.4992
4 52.00 0.00 76.00 0.00 60.00 0.00 68.00 0.00 44.1259
4 28.00 0.00 100.00 0.00 52.00 0.00 76.00 0.00 7.3196
4 16.00 0.00 112.00 0.00 48.00 0.00 80.00 0.00 3.69612
4 62.00 0.00 68.00 0.00 64.00 0.00 66.00 0.00 93.5431
4 56.00 0.00 74.00 0.00 62.00 0.00 68.00 0.00 50.3841
4 24.00 0.00 108.00 0.00 52.00 0.00 80.00 0.00 4.41901
4 12.00 0.00 120.00 0.00 48.00 0.00 84.00 0.00 2.56827
4 60.00 0.00 72.00 0.00 64.00 0.00 68.00 0.00 65.0937
4 48.00 0.00 84.00 0.00 60.00 0.00 72.00 0.00 26.0154
4 0.00 0.00 132.00 0.00 44.00 0.00 88.00 0.00 0.987781
4 36.00 0.00 96.00 0.00 56.00 0.00 76.00 0.00 11.5898
4 64.00 0.00 70.00 0.00 66.00 0.00 68.00 0.00 79.0077
4 58.00 0.00 76.00 0.00 64.00 0.00 70.00 0.00 42.9314
4 32.00 0.00 104.00 0.00 56.00 0.00 80.00 0.00 6.73418
4 44.00 0.00 92.00 0.00 60.00 0.00 76.00 0.00 19.4898
4 20.00 0.00 116.00 0.00 52.00 0.00 84.00 0.00 2.85436
4 62.00 0.00 74.00 0.00 66.00 0.00 70.00 0.00 51.5864
4 56.00 0.00 80.00 0.00 64.00 0.00 72.00 0.00 31.3366
4 8.00 0.00 128.00 0.00 48.00 0.00 88.00 0.00 1.52095
4 60.00 0.00 78.00 0.00 66.00 0.00 72.00 0.00 36.7017
4 66.00 0.00 72.00 0.00 68.00 0.00 70.00 0.00 62.3042
4 64.00 0.00 76.00 0.00 68.00 0.00 72.00 0.00 41.3934
4 52.00 0.00 88.00 0.00 64.00 0.00 76.00 0.00 21.6803
4 4.00 0.00 136.00 0.00 48.00 0.00 92.00 0.00 1.18374
4 40.00 0.00 100.00 0.00 60.00 0.00 80.00 0.00 11.5979
4 28.00 0.00 112.00 0.00 56.00 0.00 84.00 0.00 4.63685
4 16.00 0.00 124.00 0.00 52.00 0.00 88.00 0.00 2.36247
4 68.00 0.00 74.00 0.00 70.00 0.00 72.00 0.00 58.8703
4 62.00 0.00 80.00 0.00 68.00 0.00 74.00 0.00 32.129
4 0.00 0.00 144.00 0.00 48.00 0.00 96.00 0.00 0.84276
4 48.00 0.00 96.00 0.00 64.00 0.00 80.00 0.00 13.263
4 24.00 0.00 120.00 0.00 56.00 0.00 88.00 0.00 3.16729
4 36.00 0.00 108.00 0.00 60.00 0.00 84.00 0.00 6.63875
4 66.00 0.00 78.00 0.00 70.00 0.00 74.00 0.00 44.1181
4 12.00 0.00 132.00 0.00 52.00 0.00 92.00 0.00 1.7125
4 60.00 0.00 84.00 0.00 68.00 0.00 76.00 0.00 25.2092
4 70.00 0.00 76.00 0.00 72.00 0.00 74.00 0.00 63.2369
4 64.00 0.00 82.00 0.00 70.00 0.00 76.00 0.00 31.1068
4 8.00 0.00 140.00 0.00 52.00 0.00 96.00 0.00 1.10051
4 56.00 0.00 92.00 0.00 68.00 0.00 80.00 0.00 17.4573
4 32.00 0.00 116.00 0.00 60.00 0.00 88.00 0.00 4.25861
4 44.00 0.00 104.00 0.00 64.00 0.00 84.00 0.00 9.32085
4 68.00 0.00 80.00 0.00 72.00 0.00 76.00 0.00 37.5814
4 20.00 0.00 128.00 0.00 56.00 0.00 92.00 0.00 2.12929
4 66.00 0.00 84.00 0.00 72.00 0.00 78.00 0.00 31.1505
4 72.00 0.00 78.00 0.00 74.00 0.00 76.00 0.00 52.8904
4 70.00 0.00 82.00 0.00 74.00 0.00 78.00 0.00 30.5018
4 40.00 0.00 112.00 0.00 64.00 0.00 88.00 0.00 6.23722
4 64.00 0.00 88.00 0.00 72.00 0.00 80.00 0.00 26.1891
4 16.00 0.00 136.00 0.00 56.00 0.00 96.00 0.00 1.82728
4 52.00 0.00 100.00 0.00 68.00 0.00 84.00 0.00 10.385
4 28.00 0.00 124.00 0.00 60.00 0.00 92.00 0.00 3.10182
4 4.00 0.00 148.00 0.00 52.00 0.00 100.00 0.00 0.854858
4 74.00 0.00 80.00 0.00 76.00 0.00 78.00 0.00 44.0814
4 68.00 0.00 86.00 0.00 74.00 0.00 80.00 0.00 28.4968
4 24.00 0.00 132.00 0.00 60.00 0.00 96.00 0.00 2.30519
4 72.00 0.00 84.00 0.00 76.00 0.00 80.00 0.00 33.45
4 48.00 0.00 108.00 0.00 68.00 0.00 88.00 0.00 6.62517
4 36.00 0.00 120.00 0.00 64.00 0.00 92.00 0.00 3.83583
4 12.00 0.00 144.00 0.00 56.00 0.00 100.00 0.00 1.32463
4 60.00 0.00 96.00 0.00 72.00 0.00 84.00 0.00 15.9124
4 76.00 0.00 82.00 0.00 78.00 0.00 80.00 0.00 48.3891
4 70.00 0.00 88.00 0.00 76.00 0.00 82.00 0.00 25.6139
4 56.00 0.00 104.00 0.00 72.00 0.00 88.00 0.00 10.3272
4 32.00 0.00 128.00 0.00 64.00 0.00 96.00 0.00 2.72917
4 8.00 0.00 152.00 0.00 56.00 0.00 104.00 0.00 0.828888
4 20.00 0.00 140.00 0.00 60.00 0.00 100.00 0.00 1.63079
4 74.00 0.00 86.00 0.00 78.00 0.00 82.00 0.00 36.5398
4 44.00 0.00 116.00 0.00 68.00 0.00 92.00 0.00 4.67597
4 68.00 0.00 92.00 0.00 76.00 0.00 84.00 0.00 25.9318
4 78.00 0.00 84.00 0.00 80.00 0.00 82.00 0.00 38.3813
4 72.00 0.00 90.00 0.00 78.00 0.00 84.00 0.00 29.3252
4 40.00 0.00 124.00 0.00 68.00 0.00 96.00 0.00 3.58962
4 64.00 0.00 100.00 0.00 76.00 0.00 88.00 0.00 16.5275
4 76.00 0.00 88.00 0.00 80.00 0.00 84.00 0.00 29.0676
4 28.00 0.00 136.00 0.00 64.00 0.00 100.00 0.00 2.12993
4 16.00 0.00 148.00 0.00 60.00 0.00 104.00 0.00 1.28203
4 52.00 0.00 112.00 0.00 72.00 0.00 92.00 0.00 6.06619
4 80.00 0.00 86.00 0.00 82.00 0.00 84.00 0.00 43.9136
4 74.00 0.00 92.00 0.00 80.00 0.00 86.00 0.00 32.4894
4 60.00 0.00 108.00 0.00 76.00 0.00 92.00 0.00 7.99543
4 24.00 0.00 144.00 0.00 64.00 0.00 104.00 0.00 1.49854
4 72.00 0.00 96.00 0.00 80.00 0.00 88.00 0.00 23.36
4 48.00 0.00 120.00 0.00 72.00 0.00 96.00 0.00 4.48066
4 12.00 0.00 156.00 0.00 60.00 0.00 108.00 0.00 0.951212
4 36.00 0.00 132.00 0.00 68.00 0.00 100.00 0.00 2.53771
4 78.00 0.00 90.00 0.00 82.00 0.00 86.00 0.00 36.2774
4 76.00 0.00 94.00 0.00 82.00 0.00 88.00 0.00 32.6437
4 82.00 0.00 88.00 0.00 84.00 0.00 86.00 0.00 42.4941
4 32.00 0.00 140.00 0.00 68.00 0.00 104.00 0.00 1.79974
4 80.00 0.00 92.00 0.00 84.00 0.00 88.00 0.00 59.8181
4 68.00 0.00 104.00 0.00 80.00 0.00 92.00 0.00 11.7023
4 56.00 0.00 116.00 0.00 76.00 0.00 96.00 0.00 5.51281
4 44.00 0.00 128.00 0.00 72.00 0.00 100.00 0.00 3.53972
4 20.00 0.00 152.00 0.00 64.00 0.00 108.00 0.00 1.10339
4 84.00 0.00 90.00 0.00 86.00 0.00 88.00 0.00 80.8029
4 78.00 0.00 96.00 0.00 84.00 0.00 90.00 0.00 26.431
4 16.00 0.00 160.00 0.00 64.00 0.00 112.00 0.00 0.857331
4 64.00 0.00 112.00 0.00 80.00 0.00 96.00 0.00 8.35357
4 40.00 0.00 136.00 0.00 72.00 0.00 104.00 0.00 2.67709
4 82.00 0.00 94.00 0.00 86.00 0.00 90.00 0.00 38.6069
4 76.00 0.00 100.00 0.00 84.00 0.00 92.00 0.00 19.1271
4 52.00 0.00 124.00 0.00 76.00 0.00 100.00 0.00 4.09071
4 28.00 0.00 148.00 0.00 68.00 0.00 108.00 0.00 1.39024
4 80.00 0.00 98.00 0.00 86.00 0.00 92.00 0.00 27.5248
4 86.00 0.00 92.00 0.00 88.00 0.00 90.00 0.00 41.7433
4 84.00 0.00 96.00 0.00 88.00 0.00 92.00 0.00 27.955
4 72.00 0.00 108.00 0.00 84.00 0.00 96.00 0.00 12.392
4 60.00 0.00 120.00 0.00 80.00 0.00 100.00 0.00 5.34955
4 48.00 0.00 132.00 0.00 76.00 0.00 104.00 0.00 3.10012
4 24.00 0.00 156.00 0.00 68.00 0.00 112.00 0.00 1.00424
4 36.00 0.00 144.00 0.00 72.00 0.00 108.00 0.00 1.87579
4 88.00 0.00 94.00 0.00 90.00 0.00 92.00 0.00 55.2262
4 82.00 0.00 100.00 0.00 88.00 0.00 94.00 0.00 32.5481
4 44.00 0.00 140.00 0.00 76.00 0.00 108.00 0.00 2.53462
4 56.00 0.00 128.00 0.00 80.00 0.00 104.00 0.00 3.7589
4 86.00 0.00 98.00 0.00 90.00 0.00 94.00 0.00 58.9196
4 80.00 0.00 104.00 0.00 88.00 0.00 96.00 0.00 23.081
4 32.00 0.00 152.00 0.00 72.00 0.00 112.00 0.00 1.3576
4 68.00 0.00 116.00 0.00 84.00 0.00 100.00 0.00 7.69
4 90.00 0.00 96.00 0.00 92.00 0.00 94.00 0.00 98.1295
4 84.00 0.00 102.00 0.00 90.00 0.00 96.00 0.00 37.2692
4 28.00 0.00 160.00 0.00 72.00 0.00 116.00 0.00 1.07412
4 64.00 0.00 124.00 0.00 84.00 0.00 104.00 0.00 5.90988
4 88.00 0.00 100.00 0.00 92.00 0.00 96.00 0.00 76.0351
4 40.00 0.00 148.00 0.00 76.00 0.00 112.00 0.00 1.86137
4 76.00 0.00 112.00 0.00 88.00 0.00 100.00 0.00 11.4635
4 52.00 0.00 136.00 0.00 80.00 0.00 108.00 0.00 3.10217
4 92.00 0.00 98.00 0.00 94.00 0.00 96.00 0.00 66.7022
4 86.00 0.00 104.00 0.00 92.00 0.00 98.00 0.00 41.2455
4 84.00 0.00 108.00 0.00 92.00 0.00 100.00 0.00 26.5065
4 72.00 0.00 120.00 0.00 88.00 0.00 104.00 0.00 7.48328
4 48.00 0.00 144.00 0.00 80.00 0.00 112.00 0.00 2.22508
4 36.00 0.00 156.00 0.00 76.00 0.00 116.00 0.00 1.40689
4 90.00 0.00 102.00 0.00 94.00 0.00 98.00 0.00 40.9282
4 60.00 0.00 132.00 0.00 84.00 0.00 108.00 0.00 4.44034
4 88.00 0.00 106.00 0.00 94.00 0.00 100.00 0.00 37.9152
4 94.00 0.00 100.00 0.00 96.00 0.00 98.00 0.00 55.4208
4 44.00 0.00 152.00 0.00 80.00 0.00 116.00 0.00 1.90863
4 92.00 0.00 104.00 0.00 96.00 0.00 100.00 0.00 42.5763
4 68.00 0.00 128.00 0.00 88.00 0.00 108.00 0.00 5.83196
4 56.00 0.00 140.00 0.00 84.00 0.00 112.00 0.00 3.19958
4 80.00 0.00 116.00 0.00 92.00 0.00 104.00 0.00 12.6311
4 96.00 0.00 102.00 0.00 98.00 0.00 100.00 0.00 74.1657
4 90.00 0.00 108.00 0.00 96.00 0.00 102.00 0.00 29.1912
4 76.00 0.00 124.00 0.00 92.00 0.00 108.00 0.00 8.52906
4 52.00 0.00 148.00 0.00 84.00 0.00 116.00 0.00 2.56574
4 40.00 0.00 160.00 0.00 80.00 0.00 120.00 0.00 1.51084
4 94.00 0.00 106.00 0.00 98.00 0.00 102.00 0.00 54.545
4 88.00 0.00 112.00 0.00 96.00 0.00 104.00 0.00 23.0046
4 64.00 0.00 136.00 0.00 88.00 0.00 112.00 0.00 4.78167
4 98.00 0.00 104.00 0.00 100.00 0.00 102.00 0.00 59.1022
4 92.00 0.00 110.00 0.00 98.00 0.00 104.00 0.00 29.642
4 60.00 0.00 144.00 0.00 88.00 0.00 116.00 0.00 3.54739
4 84.00 0.00 120.00 0.00 96.00 0.00 108.00 0.00 11.047
4 96.00 0.00 108.00 0.00 100.00 0.00 104.00 0.00 42.5028
4 48.00 0.00 156.00 0.00 84.00 0.00 120.00 0.00 2.05032
4 72.00 0.00 132.00 0.00 92.00 0.00 112.00 0.00 6.61213
4 100.00 0.00 106.00 0.00 102.00 0.00 104.00 0.00 54.0257
4 94.00 0.00 112.00 0.00 100.00 0.00 106.00 0.00 32.3273
4 92.00 0.00 116.00 0.00 100.00 0.00 108.00 0.00 20.4196
4 68.00 0.00 140.00 0.00 92.00 0.00 116.00 0.00 5.44956
4 56.00 0.00 152.00 0.00 88.00 0.00 120.00 0.00 2.85574
4 98.00 0.00 110.00 0.00 102.00 0.00 106.00 0.00 36.5057
4 80.00 0.00 128.00 0.00 96.00 0.00 112.00 0.00 6.81481
4 96.00 0.00 114.00 0.00 102.00 0.00 108.00 0.00 30.9546
4 102.00 0.00 108.00 0.00 104.00 0.00 106.00 0.00 48.113
4 52.00 0.00 160.00 0.00 88.00 0.00 124.00 0.00 2.46955
4 100.00 0.00 112.00 0.00 104.00 0.00 108.00 0.00 45.0818
4 88.00 0.00 124.00 0.00 100.00 0.00 112.00 0.00 12.5841
4 76.00 0.00 136.00 0.00 96.00 0.00 116.00 0.00 5.91434
4 64.00 0.00 148.00 0.00 92.00 0.00 120.00 0.00 4.49087
4 104.00 0.00 110.00 0.00 106.00 0.00 108.00 0.00 60.1712
4 98.00 0.00 116.00 0.00 104.00 0.00 110.00 0.00 27.5729
4 84.00 0.00 132.00 0.00 100.00 0.00 116.00 0.00 8.33933
4 60.00 0.00 156.00 0.00 92.00 0.00 124.00 0.00 3.69873
4 102.00 0.00 114.00 0.00 106.00 0.00 110.00 0.00 38.9869
4 96.00 0.00 120.00 0.00 104.00 0.00 112.00 0.00 22.4742
4 72.00 0.00 144.00 0.00 96.00 0.00 120.00 0.00 4.85446
4 106.00 0.00 112.00 0.00 108.00 0.00 110.00 0.00 39.641
4 100.00 0.00 118.00 0.00 106.00 0.00 112.00 0.00 28.1737
4 92.00 0.00 128.00 0.00 104.00 0.00 116.00 0.00 12.523
4 80.00 0.00 140.00 0.00 100.00 0.00 120.00 0.00 6.62641
4 68.00 0.00 152.00 0.00 96.00 0.00 124.00 0.00 4.62139
4 104.00 0.00 116.00 0.00 108.00 0.00 112.00 0.00 29.6162
4 108.00 0.00 114.00 0.00 110.00 0.00 112.00 0.00 45.4479
4 102.00 0.00 120.00 0.00 108.00 0.00 114.00 0.00 25.3834
4 76.00 0.00 148.00 0.00 100.00 0.00 124.00 0.00 5.98029
4 106.00 0.00 118.00 0.00 110.00 0.00 114.00 0.00 32.3841
4 100.00 0.00 124.00 0.00 108.00 0.00 116.00 0.00 18.9852
4 88.00 0.00 136.00 0.00 104.00 0.00 120.00 0.00 10.4923
4 64.00 0.00 160.00 0.00 96.00 0.00 128.00 0.00 4.05152
4 110.00 0.00 116.00 0.00 112.00 0.00 114.00 0.00 46.3187
4 84.00 0.00 144.00 0.00 104.00 0.00 124.00 0.00 8.18679
4 108.00 0.00 120.00 0.00 112.00 0.00 116.00 0.00 37.312
4 96.00 0.00 132.00 0.00 108.00 0.00 120.00 0.00 14.7921
4 72.00 0.00 156.00 0.00 100.00 0.00 128.00 0.00 5.42693
4 112.00 0.00 118.00 0.00 114.00 0.00 116.00 0.00 42.7287
4 92.00 0.00 140.00 0.00 108.00 0.00 124.00 0.00 12.2298
4 80.00 0.00 152.00 0.00 104.00 0.00 128.00 0.00 7.5303
4 104.00 0.00 128.00 0.00 112.00 0.00 120.00 0.00 20.3505
4 114.00 0.00 120.00 0.00 116.00 0.00 118.00 0.00 52.0971
4 76.00 0.00 160.00 0.00 104.00 0.00 132.00 0.00 5.35056
4 100.00 0.00 136.00 0.00 112.00 0.00 124.00 0.00 18.7475
4 112.00 0.00 124.00 0.00 116.00 0.00 120.00 0.00 29.3461
4 88.00 0.00 148.00 0.00 108.00 0.00 128.00 0.00 10.6664
4 108.00 0.00 132.00 0.00 116.00 0.00 124.00 0.00 27.2011
4 84.00 0.00 156.00 0.00 108.00 0.00 132.00 0.00 7.45936
4 96.00 0.00 144.00 0.00 112.00 0.00 128.00 0.00 15.3368
4 104.00 0.00 140.00 0.00 116.00 0.00 128.00 0.00 22.699
4 116.00 0.00 128.00 0.00 120.00 0.00 124.00 0.00 42.0691
4 92.00 0.00 152.00 0.00 112.00 0.00 132.00 0.00 10.996
4 88.00 0.00 160.00 0.00 112.00 0.00 136.00 0.00 8.35552
4 100.00 0.00 148.00 0.00 116.00 0.00 132.00 0.00 15.4836
4 112.00 0.00 136.00 0.00 120.00 0.00 128.00 0.00 33.8393
4 108.00 0.00 144.00 0.00 120.00 0.00 132.00 0.00 21.8163
4 96.00 0.00 156.00 0.00 116.00 0.00 136.00 0.00 12.1482
4 120.00 0.00 132.00 0.00 124.00 0.00 128.00 0.00 47.6853
4 116.00 0.00 140.00 0.00 124.00 0.00 132.00 0.00 31.1626
4 104.00 0.00 152.00 0.00 120.00 0.00 136.00 0.00 17.5551
4 112.00 0.00 148.00 0.00 124.00 0.00 136.00 0.00 23.3057
4 100.00 0.00 160.00 0.00 120.00 0.00 140.00 0.00 12.7662
4 124.00 0.00 136.00 0.00 128.00 0.00 132.00 0.00 41.7956
4 120.00 0.00 144.00 0.00 128.00 0.00 136.00 0.00 32.0795
4 108.00 0.00 156.00 0.00 124.00 0.00 140.00 0.00 17.9866
4 128.00 0.00 140.00 0.00 132.00 0.00 136.00 0.00 63.0849
4 116.00 0.00 152.00 0.00 128.00 0.00 140.00 0.00 25.2963
4 112.00 0.00 160.00 0.00 128.00 0.00 144.00 0.00 17.6881
4 124.00 0.00 148.00 0.00 132.00 0.00 140.00 0.00 40.6679
4 120.00 0.00 156.00 0.00 132.00 0.00 144.00 0.00 27.9796
4 132.00 0.00 144.00 0.00 136.00 0.00 140.00 0.00 55.9415
4 128.00 0.00 152.00 0.00 136.00 0.00 144.00 0.00 45.8677
4 136.00 0.00 148.00 0.00 140.00 0.00 144.00 0.00 63.7534
4 124.00 0.00 160.00 0.00 136.00 0.00 148.00 0.00 28.636
4 132.00 0.00 156.00 0.00 140.00 0.00 148.00 0.00 42.3284
4 140.00 0.00 152.00 0.00 144.00 0.00 148.00 0.00 52.2535
4 136.00 0.00 160.00 0.00 144.00 0.00 152.00 0.00 38.2833
4 144.00 0.00 156.00 0.00 148.00 0.00 152.00 0.00 50.5245
4 148.00 0.00 160.00 0.00 152.00 0.00 156.00 0.00 52.5415

"Topography in separate list"
2
2
0 231
160 231
0
0
0
0
